1 3 9 27 81 243 729 2187
2 6 18 54 162 486 1458 4374
4 12 28 36 324 972 2268 2916
5 7 15 21 29 45 55 63 405 567 1215 1701 2349 3645 4455 5103
8 24 56 72 648 1944 4536 5832
10 30 810 2430
11 19 33 57 891 1539 2673 4617
13 31 37 39 1053 2511 2997 3159
14 22 34 38 42 46 58 66 1134 1782 2754 3078 3402 3726 4698 5346
16 32 48 64 1296 2592 3888 5184
17 25 35 51 59 65 73 75 1377 2025 2835 4131 4779 5265 5913 6075
20 60 1620 4860
23 47 61 69 1863 3807 4941 5589
26 62 74 78 2106 5022 5994 6318
40 3240
41 43 49 67 3321 3483 3969 5427
44 52 68 76 3564 4212 5508 6156
50 70 4050 5670
53 71 77 79 4293 5751 6237 6399
80 6480
82 246 738 2214
83 163 249 489 747 1467 2241 4401
84 108 244 252 732 756 2188 2196
85 109 247 255 325 327 741 765 975 981 2215 2223 2269 2295 2925 2943
86 110 250 258 406 570 750 774 1218 1710 2242 2250 2350 3654 4482 5130
87 135 165 189 245 261 487 495 735 783 1461 1485 2189 2205 4375 4383
88 136 248 264 408 568 744 792 1224 1704 2216 2232 2376 3672 4456 5112
89 137 251 267 649 651 753 801 1947 1953 2243 2259 4537 4563 5841 5859
90 270 730 2190
91 273 739 811 819 2217 2433 2457
92 276 748 892 1548 2244 2676 4644
93 117 271 279 333 351 733 757 973 999 2191 2199 2271 2277 2917 2919
94 118 274 282 742 766 1054 1062 2218 2226 2514 2538 2998 3006 3162 3186
95 119 277 285 751 775 1135 1791 2245 2253 2757 3079 3405 3735 4725 5373
96 144 272 288 432 576 736 784 1216 1728 2192 2208 2352 3648 4464 5104
97 145 275 291 745 793 1297 1305 2219 2235 2595 2619 3891 3915 5185 5193
98 146 278 294 754 802 1378 2034 2246 2262 2838 4134 4806 5266 5922 6102
99 171 297 513 731 1459 2193 4377
100 300 740 900 1540 2220 2700 4620
101 303 749 1621 1629 2247 4863 4887
102 126 298 306 414 594 734 758 1242 1702 2194 2202 2358 3646 4458 5106
103 127 301 309 743 767 1143 1783 2221 2229 2781 3087 3429 3727 4701 5349
104 128 304 312 752 776 1864 1872 2248 2256 3808 3816 4944 4968 5592 5616
105 153 299 315 657 675 737 785 1945 1971 2195 2211 4539 4545 5833 5835
106 154 302 318 746 794 1386 2026 2222 2238 2862 4158 4782 5274 5914 6078
107 155 305 321 755 803 2107 2115 2249 2265 5025 5049 5995 6003 6321 6345
111 253 759 813 837 2197 2431 2439
112 256 768 1056 2224 2512 3024 3168
113 259 777 1299 2251 2593 3897 5211
114 138 254 262 762 786 894 918 1542 1566 2198 2206 2674 2682 4618 4626
115 139 257 265 771 795 1137 1785 2225 2233 2755 3105 3411 3753 4699 5355
116 140 260 268 780 804 1380 2028 2252 2260 2836 4140 4780 5292 5940 6084
120 280 760 1080 2200 2520 3000 3160
121 283 769 2227 3241 3243 3249 3267
122 286 778 2254 3322 3486 3978 5454
123 147 281 289 763 787 1161 1809 2201 2209 2763 3081 3403 3729 4707 5347
124 148 284 292 772 796 2228 2236 3324 3348 3484 3492 3972 3996 5428 5436
125 149 287 295 781 805 2255 2263 3565 3567 4215 4221 5509 5535 6165 6183
129 307 761 1323 2203 2601 3889 5187
130 310 770 2230 3330 3510 3970 5430
131 313 779 2257 4051 4059 5673 5697
132 156 308 316 764 788 1404 2052 2204 2212 2844 4132 4788 5268 5916 6076
133 157 311 319 773 797 2231 2239 3573 3591 4213 4239 5511 5517 6157 6159
134 158 314 322 782 806 2258 2266 4294 4302 5754 5778 6238 6246 6402 6426
141 263 789 1623 1647 2207 4861 4869
142 266 798 1866 2234 3834 4942 5598
143 269 807 2109 2261 5023 6021 6327
150 290 790 1890 2210 3810 4950 5590
151 293 799 2237 4053 4077 5671 5679
152 296 808 2264 4296 5752 6264 6408
159 317 791 2133 2213 5031 5997 6319
160 320 800 2240 4320 5760 6240 6400
161 323 809 2267 6481 6483 6489 6507
164 492 1476 4428
166 190 326 330 490 498 978 990 1470 1494 2270 2322 2934 2970 4402 4410
167 191 407 493 501 573 1221 1479 1503 1719 2351 3663 4429 4437 4509 5157
168 216 488 504 1464 1512 4376 4392
169 217 411 491 507 569 1233 1473 1521 1707 2403 3699 4403 4419 4457 5121
170 218 494 510 650 654 1482 1530 1950 1962 4430 4446 4538 4590 5850 5886
172 516 812 828 1468 2436 2484 4404
173 519 893 1477 1557 2679 4431 4671
174 198 342 378 514 522 974 1026 1462 1486 2274 2286 2918 2922 4378 4386
175 199 517 525 1055 1071 1471 1495 2517 2565 2999 3015 3165 3213 4405 4413
176 200 520 528 1136 1480 1504 1800 2760 3080 3408 3744 4432 4440 4752 5400
177 225 459 515 531 585 1217 1465 1513 1755 2355 3651 4379 4395 4473 5105
178 226 518 534 1298 1314 1474 1522 2598 2646 3894 3942 4406 4422 5186 5202
179 227 521 537 1379 1483 1531 2043 2841 4137 4433 4449 4833 5267 5931 6129
180 540 1460 4380
181 543 909 1469 1541 2727 4407 4623
182 546 1478 1622 1638 4434 4866 4914
183 207 423 541 549 621 1269 1463 1487 1703 2367 3647 4381 4389 4461 5109
184 208 544 552 1152 1472 1496 1784 2808 3096 3456 3728 4408 4416 4704 5352
185 209 547 555 1481 1505 1865 1881 3809 3825 4435 4443 4947 4995 5595 5643
186 234 542 558 666 702 1466 1514 1946 1998 4382 4398 4542 4554 5834 5838
187 235 545 561 1395 1475 1523 2027 2889 4185 4409 4425 4785 5283 5915 6081
188 236 548 564 1484 1532 2108 2124 4436 4452 5028 5076 5996 6012 6324 6372
192 496 816 864 1488 2432 2448 4384
193 499 1059 1497 2513 3051 3177 4411
194 502 1302 1506 2594 3906 4438 5238
195 219 497 505 897 945 1491 1515 1545 1593 2675 2691 4385 4393 4619 4635
196 220 500 508 1140 1500 1524 1788 2756 3132 3420 3780 4412 4420 4700 5364
197 221 503 511 1383 1509 1533 2031 2837 4149 4439 4447 4781 5319 5967 6093
201 523 1107 1489 2529 3003 3161 4387
202 526 1498 3242 3246 3258 3294 4414
203 529 1507 3323 3489 3987 4441 5481
204 228 524 532 1188 1492 1516 1836 2772 3084 3404 3732 4388 4396 4716 5348
205 229 527 535 1501 1525 3327 3375 3485 3501 3975 4023 4415 4423 5429 5445
206 230 530 538 1510 1534 3566 3570 4218 4230 4442 4450 5510 5562 6174 6210
210 550 1350 1490 2610 3890 4390 5190
211 553 1499 3339 3537 3971 4417 5433
212 556 1508 4052 4068 4444 5676 5724
213 237 551 559 1431 1493 1517 2079 2853 4133 4391 4399 4797 5271 5919 6077
214 238 554 562 1502 1526 3582 3618 4214 4266 4418 4426 5514 5526 6158 6162
215 239 557 565 1511 1535 4295 4311 4445 4453 5757 5805 6239 6255 6405 6453
222 506 1518 1626 1674 4394 4862 4878
223 509 1527 1869 3861 4421 4943 5607
224 512 1536 2112 4448 5024 6048 6336
231 533 1519 1917 3813 4397 4959 5591
232 536 1528 4056 4104 4424 5672 5688
233 539 1537 4299 4451 5753 6291 6417
240 560 1520 2160 4400 5040 6000 6320
241 563 1529 4347 4427 5769 6243 6401
242 566 1538 4454 6482 6486 6498 6534
328 984 2296 2952
329 331 409 571 987 993 1227 1713 2297 2323 2377 2961 2979 3681 4483 5139
332 652 996 1956 2324 2988 4564 5868
334 354 814 822 838 846 982 1002 2278 2298 2434 2442 2458 2466 2926 2946
335 357 895 919 991 1005 1551 1575 2279 2325 2677 2685 2935 2973 4645 4653
336 352 976 1008 2272 2304 2928 2944
337 355 985 1011 1057 1065 2299 2305 2515 2539 2953 2955 3025 3033 3171 3195
338 358 994 1014 1138 1794 2306 2326 2758 2962 2982 3106 3414 3762 4726 5382
339 353 433 579 979 1017 1219 1737 2273 2331 2353 2937 2971 3657 4491 5131
340 356 988 1020 1300 1308 2300 2332 2596 2620 2964 2980 3900 3924 5212 5220
341 359 997 1023 1381 2037 2327 2333 2839 2989 2991 4143 4807 5293 5949 6111
343 381 903 927 983 1029 1543 1567 2287 2301 2701 2709 2927 2949 4621 4629
344 384 992 1032 1624 1632 1648 1656 2288 2328 2936 2976 4864 4872 4888 4896
345 379 417 595 977 1035 1251 1705 2275 2313 2385 2931 2945 3673 4459 5115
346 382 986 1038 1146 1786 2302 2314 2782 2954 2958 3114 3438 3754 4702 5358
347 385 995 1041 1867 1875 2315 2329 2963 2985 3835 3843 4945 4969 5601 5625
348 380 660 676 980 1044 1948 1980 2276 2340 2940 2972 4540 4572 5844 5860
349 383 989 1047 1389 2029 2303 2341 2863 2967 2981 4167 4783 5301 5941 6087
350 386 998 1050 2110 2118 2330 2342 2990 2994 5026 5050 6022 6030 6330 6354
360 1000 2280 2920
361 363 1003 1009 1081 1089 2281 2307 2523 2547 2929 2947 3001 3009 3163 3187
362 366 1006 1018 1162 1818 2282 2334 2766 2938 2974 3082 3406 3738 4734 5374
364 1012 2308 2956 3244 3252 3268 3276
365 367 1015 1021 2309 2335 2965 2983 3325 3349 3487 3495 3981 4005 5455 5463
368 1024 2336 2992 3568 4224 5536 6192
369 387 441 603 1001 1027 1243 1729 2283 2289 2361 2921 2923 3649 4467 5107
370 390 1010 1030 1170 1810 2290 2310 2790 2930 2950 3090 3430 3730 4710 5350
371 393 1019 1033 1891 1899 2291 2337 2939 2977 3811 3819 4953 4977 5593 5617
372 388 1004 1036 1324 1332 2284 2316 2604 2628 2932 2948 3892 3916 5188 5196
373 391 1013 1039 2311 2317 2957 2959 3333 3357 3511 3519 3973 3997 5431 5439
374 394 1022 1042 2318 2338 2966 2986 4054 4062 4078 4086 5674 5682 5698 5706
375 389 1007 1045 1405 2061 2285 2343 2847 2941 2975 4135 4815 5269 5925 6103
376 392 1016 1048 2312 2344 2968 2984 3576 3592 4216 4248 5512 5544 6168 6184
377 395 1025 1051 2339 2345 2993 2995 4297 4305 5755 5779 6265 6273 6411 6435
396 684 1028 1972 2292 2924 4548 5836
397 399 1031 1037 1413 2053 2293 2319 2871 2933 2951 4159 4791 5277 5917 6079
398 402 1034 1046 2134 2142 2294 2346 2942 2978 5034 5058 5998 6006 6322 6346
400 1040 2320 2960 3600 4240 5520 6160
401 403 1043 1049 2321 2347 2969 2987 4321 4329 5763 5787 6241 6249 6403 6427
404 1052 2348 2996 6484 6492 6508 6516
410 574 1230 1722 2378 3690 4510 5166
412 572 1236 1716 2404 3708 4484 5148
413 575 653 655 1239 1725 1959 1965 2405 3717 4511 4565 4591 5175 5877 5895
415 597 815 831 839 855 1245 1711 2359 2437 2445 2485 2493 3655 4485 5133
416 600 896 920 1248 1560 1584 1720 2360 2680 2688 3664 4512 4672 4680 5160
418 598 1058 1074 1254 1714 2386 2518 2566 3026 3042 3174 3222 3682 4486 5142
419 601 1139 1257 1723 1803 2387 2761 3107 3417 3691 3771 4513 4753 5169 5409
420 460 588 596 1220 1260 1708 1764 2356 2412 3660 3700 4460 4500 5124 5132
421 599 1263 1301 1317 1717 2413 2599 2647 3709 3903 3951 4487 5151 5213 5229
422 602 1266 1382 1726 2046 2414 2842 3718 4146 4514 4834 5178 5294 5958 6138
424 624 912 936 1272 1544 1568 1712 2368 2728 2736 3656 4488 4624 4632 5136
425 627 1275 1625 1641 1649 1665 1721 2369 3665 4515 4867 4875 4915 4923 5163
426 622 1278 1706 2394 3674 4462 5118
427 625 1155 1281 1715 1787 2395 2809 3123 3465 3683 3755 4489 4705 5145 5361
428 628 1284 1724 1868 1884 2396 3692 3836 3852 4516 4948 4996 5172 5604 5652
429 623 669 703 1287 1709 1949 2007 2421 3701 4463 4543 4581 5127 5847 5861
430 626 1290 1398 1718 2030 2422 2890 3710 4194 4490 4786 5154 5310 5942 6090
431 629 1293 1727 2111 2127 2423 3719 4517 5029 5077 5181 6023 6039 6333 6381
434 582 1222 1746 2354 3666 4518 5158
435 577 817 825 865 873 1225 1731 2379 2435 2451 2459 2475 3675 4465 5113
436 580 1060 1068 1228 1740 2380 2516 2540 3052 3060 3180 3204 3684 4492 5140
437 583 1231 1303 1311 1749 2381 2597 2621 3693 3909 3933 4519 5167 5239 5247
438 578 898 946 1234 1554 1602 1734 2406 2678 2694 3702 4466 4646 4662 5122
439 581 1141 1237 1743 1797 2407 2759 3133 3423 3711 3789 4493 4727 5149 5391
440 584 1240 1384 1752 2040 2408 2840 3720 4152 4520 4808 5176 5320 5976 6120
442 606 1082 1098 1246 1738 2362 2526 2574 3002 3018 3166 3214 3658 4494 5134
443 609 1163 1249 1747 1827 2363 2769 3083 3409 3667 3747 4521 4761 5161 5401
444 604 1108 1116 1252 1732 2388 2532 2556 3004 3012 3164 3188 3676 4468 5116
445 607 1255 1741 2389 3245 3247 3255 3261 3269 3285 3295 3303 3685 4495 5143
446 610 1258 1750 2390 3326 3350 3490 3498 3694 3990 4014 4522 5170 5482 5490
447 605 1189 1261 1735 1845 2415 2775 3085 3407 3703 3741 4469 4743 5125 5375
448 608 1264 1744 2416 3328 3376 3488 3504 3712 3984 4032 4496 5152 5456 5472
449 611 1267 1753 2417 3569 3571 3721 4227 4233 4523 5179 5537 5563 6201 6219
450 630 1270 1730 2370 3650 4470 5110
451 633 1179 1273 1739 1811 2371 2817 3099 3457 3659 3731 4497 4713 5137 5353
452 636 1276 1748 1892 1908 2372 3668 3812 3828 4524 4956 5004 5164 5596 5644
453 631 1279 1351 1359 1733 2397 2613 2637 3677 3893 3917 4471 5119 5191 5199
454 634 1282 1742 2398 3342 3366 3538 3546 3686 3974 3998 4498 5146 5434 5442
455 637 1285 1751 2399 3695 4055 4071 4079 4095 4525 5173 5677 5685 5725 5733
456 632 1288 1432 1736 2088 2424 2856 3704 4136 4472 4824 5128 5272 5928 6104
457 635 1291 1745 2425 3585 3619 3713 4217 4275 4499 5155 5515 5553 6171 6185
458 638 1294 1754 2426 3722 4298 4314 4526 5182 5758 5806 6266 6282 6414 6462
461 591 663 677 1223 1773 1951 1989 2357 3669 4527 4541 4599 5159 5853 5887
462 586 906 954 1226 1546 1594 1758 2382 2702 2718 3678 4474 4622 4638 5114
463 589 1149 1229 1767 1789 2383 2783 3141 3447 3687 3781 4501 4703 5141 5367
464 592 1232 1392 1776 2032 2384 2864 3696 4176 4528 4784 5168 5328 5968 6096
465 587 1235 1627 1635 1675 1683 1761 2409 3705 4475 4865 4881 4889 4905 5123
466 590 1238 1770 1870 1878 2410 3714 3862 3870 4502 4946 4970 5150 5610 5634
467 593 1241 1779 2113 2121 2411 3723 4529 5027 5051 5177 6049 6057 6339 6363
468 612 1244 1756 2364 3652 4476 5108
469 615 1247 1325 1341 1765 2365 2607 2655 3661 3895 3943 4503 5135 5189 5205
470 618 1250 1406 1774 2070 2366 2850 3670 4138 4530 4842 5162 5270 5934 6130
471 613 1197 1253 1759 1837 2391 2799 3093 3431 3679 3733 4477 4719 5117 5351
472 616 1256 1768 2392 3336 3384 3512 3528 3688 3976 4024 4504 5144 5432 5448
473 619 1259 1777 2393 3579 3593 3697 4219 4257 4531 5171 5513 5571 6177 6211
474 614 1262 1762 1918 1926 2418 3706 3814 3822 4478 4962 4986 5126 5594 5618
475 617 1265 1771 2419 3715 4057 4065 4105 4113 4505 5153 5675 5691 5699 5715
476 620 1268 1780 2420 3724 4300 4308 4532 5180 5756 5780 6292 6300 6420 6444
477 639 693 711 1271 1757 1973 1999 2373 3653 4479 4551 4557 5111 5837 5839
478 642 1274 1422 1766 2054 2374 2898 3662 4186 4506 4794 5138 5286 5918 6082
479 645 1277 1775 2135 2151 2375 3671 4533 5037 5085 5165 5999 6015 6325 6373
480 640 1280 1440 1760 2080 2400 2880 3680 4160 4480 4800 5120 5280 5920 6080
481 643 1283 1769 2401 3609 3627 3689 4241 4267 4507 5147 5523 5529 6161 6163
482 646 1286 1778 2402 3698 4322 4338 4534 5174 5766 5814 6242 6258 6406 6454
483 641 1289 1763 2161 2169 2427 3707 4481 5043 5067 5129 6001 6009 6323 6347
484 644 1292 1772 2428 3716 4348 4356 4508 5156 5772 5796 6244 6252 6404 6428
485 647 1295 1781 2429 3725 4535 5183 6485 6487 6495 6501 6509 6525 6535 6543
656 1968 4592 5904
658 678 818 834 866 882 1954 1974 2438 2454 2486 2502 4546 4566 5842 5862
659 681 899 947 1563 1611 1963 1977 2681 2697 4547 4593 4673 4689 5851 5889
661 679 1061 1077 1957 1983 2519 2567 3053 3069 3183 3231 4567 4573 5869 5871
662 682 1142 1806 1966 1986 2762 3134 3426 3798 4574 4594 4754 5418 5878 5898
664 680 1304 1320 1960 1992 2600 2648 3912 3960 4568 4600 5240 5256 5880 5896
665 683 1385 1969 1995 2049 2843 4155 4595 4601 4835 5321 5905 5907 5985 6147
667 705 915 963 1547 1595 1955 2001 2729 2745 4555 4569 4625 4641 5843 5865
668 708 1628 1644 1676 1692 1964 2004 4556 4596 4868 4884 4916 4932 5852 5892
670 706 1158 1790 1958 2010 2810 3150 3474 3782 4570 4582 4706 5370 5870 5874
671 709 1871 1887 1967 2013 3863 3879 4583 4597 4949 4997 5613 5661 5879 5901
672 704 1952 2016 4544 4608 5856 5888
673 707 1401 1961 2019 2033 2891 4203 4571 4609 4787 5337 5883 5897 5969 6099
674 710 1970 2022 2114 2130 4598 4610 5030 5078 5906 5910 6050 6066 6342 6390
685 687 1109 1125 1975 1981 2535 2583 3005 3021 3167 3215 4549 4575 5845 5863
686 690 1190 1854 1978 1990 2778 3086 3410 3750 4550 4602 4770 5402 5854 5890
688 1984 3248 3264 3296 3312 4576 5872
689 691 1987 1993 3329 3377 3491 3507 3993 4041 4577 4603 5483 5499 5881 5899
692 1996 3572 4236 4604 5564 5908 6228
694 714 1206 1838 1982 2002 2826 3102 3458 3734 4558 4578 4722 5354 5846 5866
695 717 1919 1935 1991 2005 3815 3831 4559 4605 4965 5013 5597 5645 5855 5893
696 712 1352 1368 1976 2008 2616 2664 3896 3944 4552 4584 5192 5208 5848 5864
697 715 1985 2011 3345 3393 3539 3555 3977 4025 4579 4585 5435 5451 5873 5875
698 718 1994 2014 4058 4074 4106 4122 4586 4606 5678 5694 5726 5742 5882 5902
699 713 1433 1979 2017 2097 2859 4139 4553 4611 4851 5273 5857 5891 5937 6131
700 716 1988 2020 3588 3620 4220 4284 4580 4612 5516 5580 5884 5900 6180 6212
701 719 1997 2023 4301 4317 4607 4613 5759 5807 5909 5911 6293 6309 6423 6471
720 2000 4560 5840
721 723 1449 2003 2009 2081 2907 4187 4561 4587 4803 5289 5849 5867 5921 6083
722 726 2006 2018 2162 2178 4562 4614 5046 5094 5858 5894 6002 6018 6326 6374
724 2012 3636 4268 4588 5532 5876 6164
725 727 2015 2021 4349 4365 4589 4615 5775 5823 5885 5903 6245 6261 6407 6455
728 2024 4616 5912 6488 6504 6536 6552
820 2460
821 829 901 1549 2463 2487 2703 4647
823 847 1063 2461 2469 2541 3007 3189
824 832 848 856 1144 1792 2464 2472 2488 2496 2784 3088 3432 3736 4728 5376
826 874 1306 2462 2478 2622 3918 5194
827 835 875 883 1387 2035 2465 2481 2489 2505 2865 4161 4809 5275 5923 6105
830 1630 2490 4890
833 857 1873 2491 2499 3817 4971 5619
836 884 2116 2492 2508 5052 6004 6348
840 2440
841 849 1083 2443 2467 2521 3027 3169
842 858 1326 2446 2494 2602 3898 5214
843 867 921 1569 2441 2449 2683 4627
844 852 868 876 1164 1812 2444 2452 2468 2476 2764 3108 3412 3756 4708 5356
845 861 869 885 1407 2055 2447 2455 2495 2503 2845 4141 4789 5295 5943 6085
850 2470 3250 3270
851 859 2473 2497 3331 3513 3979 5457
853 877 2471 2479 3351 3493 3999 5437
854 862 878 886 2474 2482 2498 2506 3574 3594 4222 4242 5518 5538 6166 6186
860 2500 4060 5700
863 887 2501 2509 4303 5781 6247 6429
870 1650 2450 4870
871 879 1893 2453 2477 3837 4951 5599
872 888 2136 2456 2504 5032 6024 6328
880 2480 4080 5680
881 889 2483 2507 4323 5761 6267 6409
890 2510 6490 6510
902 1558 2706 4674
904 928 1064 1072 1552 1576 2544 2568 2704 2712 3008 3016 3192 3216 4648 4656
905 929 1145 1561 1585 1801 2707 2715 2787 3089 3435 3745 4675 4683 4755 5403
907 955 1307 1315 1555 1603 2625 2649 2705 2721 3921 3945 4649 4665 5195 5203
908 956 1388 1564 1612 2044 2708 2724 2868 4164 4676 4692 4836 5276 5932 6132
910 1550 2730 4650
911 1559 1631 1639 2733 4677 4893 4917
913 937 1153 1553 1577 1793 2731 2739 2811 3097 3459 3737 4651 4659 4731 5379
914 938 1562 1586 1874 1882 2734 2742 3818 3826 4678 4686 4974 4998 5622 5646
916 964 1396 1556 1604 2036 2732 2748 2892 4188 4652 4668 4812 5284 5924 6108
917 965 1565 1613 2117 2125 2735 2751 4679 4695 5055 5079 6005 6013 6351 6375
922 1086 1578 2522 2686 3054 3178 4654
923 1329 1587 2603 2689 3907 4681 5241
924 948 1572 1596 2684 2692 4628 4636
925 949 1167 1581 1605 1815 2687 2695 2765 3135 3421 3783 4655 4663 4709 5365
926 950 1410 1590 1614 2058 2690 2698 2846 4150 4682 4690 4790 5322 5970 6094
930 1110 1570 2530 2710 3030 3170 4630
931 1579 2713 3251 3259 3273 3297 4657
932 1588 2716 3332 3516 3988 4684 5484
933 957 1191 1573 1597 1839 2711 2719 2773 3111 3413 3759 4631 4639 4717 5357
934 958 1582 1606 2714 2722 3354 3378 3494 3502 4002 4026 4658 4666 5438 5446
935 959 1591 1615 2717 2725 3575 3597 4231 4245 4685 4693 5519 5565 6175 6213
939 1353 1571 2611 2737 3899 4633 5217
940 1580 2740 3340 3540 3980 4660 5460
941 1589 2743 4061 4069 4687 5703 5727
942 966 1434 1574 1598 2082 2738 2746 2854 4142 4634 4642 4798 5298 5946 6086
943 967 1583 1607 2741 2749 3583 3621 4223 4269 4661 4669 5527 5541 6167 6189
944 968 1592 1616 2744 2752 4304 4312 4688 4696 5784 5808 6248 6256 6432 6456
951 1599 1653 1677 2693 4637 4871 4879
952 1608 1896 2696 3864 4664 4952 5608
953 1617 2139 2699 4691 5033 6051 6337
960 1600 1920 2720 3840 4640 4960 5600
961 1609 2723 4083 4107 4667 5681 5689
962 1618 2726 4326 4694 5762 6294 6418
969 1601 2163 2747 4643 5041 6027 6329
970 1610 2750 4350 4670 5770 6270 6410
971 1619 2753 4697 6491 6499 6513 6537
1066 2542 3034 3198
1067 1075 1147 1795 2545 2569 2785 3035 3043 3115 3201 3225 3441 3763 4729 5385
1069 1309 2543 2623 3061 3207 3927 5221
1070 1078 1390 2038 2546 2570 2866 3062 3070 3210 3234 4170 4810 5302 5950 6114
1073 1633 1657 2571 3017 3219 4891 4899
1076 1876 2572 3044 3228 3844 4972 5628
1079 2119 2573 3071 3237 5053 6031 6357
1084 1092 2524 2548 3028 3036 3172 3196
1085 1101 1327 1335 2527 2575 2605 2629 3029 3045 3175 3223 3901 3925 5215 5223
1087 1095 1165 1821 2525 2549 2767 3055 3063 3109 3181 3205 3415 3765 4735 5383
1088 1104 1408 2064 2528 2576 2848 3056 3072 3184 3232 4144 4816 5296 5952 6112
1090 2550 3010 3190
1091 1099 1171 1819 2553 2577 2793 3011 3019 3091 3193 3217 3433 3739 4737 5377
1093 2551 3037 3199 3253 3271 3277 3279
1094 1102 2554 2578 3038 3046 3202 3226 3334 3358 3514 3522 3982 4006 5458 5466
1096 2552 3064 3208 3352 3496 4008 5464
1097 1105 2555 2579 3065 3073 3211 3235 3577 3595 4225 4251 5539 5545 6193 6195
1100 1900 2580 3020 3220 3820 4980 5620
1103 2581 3047 3229 4063 4087 5701 5709
1106 2582 3074 3238 4306 5782 6274 6438
1111 1119 1173 1813 2533 2557 2791 3031 3039 3117 3173 3197 3439 3757 4711 5359
1112 1128 1416 2056 2536 2584 2872 3032 3048 3176 3224 4168 4792 5304 5944 6088
1113 1651 1659 2531 3057 3179 4873 4897
1114 1122 1894 1902 2534 2558 3058 3066 3182 3206 3838 3846 4954 4978 5602 5626
1115 1131 2137 2145 2537 2585 3059 3075 3185 3233 5035 5059 6025 6033 6331 6355
1117 1333 2559 2631 3013 3191 3919 5197
1118 1126 1414 2062 2562 2586 2874 3014 3022 3194 3218 4162 4818 5278 5926 6106
1120 2560 3040 3200 3360 3520 4000 5440
1121 1129 2563 2587 3041 3049 3203 3227 3601 3603 4243 4249 5521 5547 6169 6187
1123 2561 3067 3209 4081 4089 5683 5707
1124 1132 2564 2588 3068 3076 3212 3236 4324 4332 5764 5788 6268 6276 6412 6436
1127 2143 2589 3023 3221 5061 6007 6349
1130 2590 3050 3230 4330 5790 6250 6430
1133 2591 3077 3239 6493 6511 6517 6519
1148 1804 2788 3116 3444 3772 4756 5412
1150 1310 1318 1798 2626 2650 2786 3142 3450 3790 3930 3954 4730 5222 5230 5394
1151 1391 1807 2047 2789 2869 3143 3453 3799 4173 4757 4837 5303 5421 5959 6141
1154 1634 1642 1658 1666 1802 2814 3098 3462 3746 4758 4894 4902 4918 4926 5406
1156 1796 2812 3124 3468 3764 4732 5388
1157 1805 1877 1885 2815 3125 3471 3773 3845 3853 4759 4975 4999 5415 5631 5655
1159 1399 1799 2039 2813 2893 3151 3477 3791 4197 4733 4813 5311 5397 5951 6117
1160 1808 2120 2128 2816 3152 3480 3800 4760 5056 5080 5424 6032 6040 6360 6384
1166 1330 1338 1830 2606 2630 2770 3110 3418 3774 3910 3934 4762 5242 5250 5410
1168 1824 2768 3136 3424 3792 4736 5392
1169 1411 1833 2067 2771 2849 3137 3427 3801 4153 4763 4817 5323 5419 5979 6121
1172 1828 2796 3092 3436 3748 4764 5404
1174 1822 2794 3118 3254 3262 3274 3278 3282 3286 3298 3306 3442 3766 4738 5386
1175 1831 2797 3119 3335 3359 3445 3517 3525 3775 3991 4015 4765 5413 5485 5493
1176 1192 1816 1848 2776 2792 3112 3144 3416 3448 3768 3784 4712 4744 5368 5384
1177 1825 2795 3145 3355 3379 3451 3497 3505 3793 4011 4035 4739 5395 5465 5473
1178 1834 2798 3146 3454 3578 3598 3802 4234 4254 4766 5422 5546 5566 6202 6222
1180 1820 2820 3100 3460 3740 4740 5380
1181 1829 1901 1909 2823 3101 3463 3749 3821 3829 4767 4983 5007 5407 5623 5647
1182 1354 1362 1814 2614 2638 2818 3126 3466 3758 3902 3926 4714 5218 5226 5362
1183 1823 2821 3127 3343 3367 3469 3541 3549 3767 3983 4007 4741 5389 5461 5469
1184 1832 2824 3128 3472 3776 4064 4072 4088 4096 4768 5416 5704 5712 5728 5736
1185 1435 1817 2091 2819 2857 3153 3475 3785 4145 4715 4825 5299 5371 5955 6113
1186 1826 2822 3154 3478 3586 3622 3794 4226 4278 4742 5398 5542 5554 6194 6198
1187 1835 2825 3155 3481 3803 4307 4315 4769 5425 5785 5809 6275 6283 6441 6465
1193 1419 1857 2059 2779 2873 3113 3419 3777 4177 4771 4793 5331 5411 5971 6097
1194 1654 1662 1678 1686 1842 2774 3138 3422 3786 4718 4874 4882 4898 4906 5366
1195 1851 1897 1905 2777 3139 3425 3795 3865 3873 4745 4955 4979 5393 5611 5635
1196 1860 2140 2148 2780 3140 3428 3804 4772 5036 5060 5420 6052 6060 6340 6364
1198 1334 1342 1846 2634 2658 2802 3094 3434 3742 3922 3946 4746 5198 5206 5378
1199 1415 1855 2071 2805 2877 3095 3437 3751 4165 4773 4845 5279 5405 5935 6133
1200 1840 2800 3120 3440 3760 4720 5360
1201 1849 2803 3121 3363 3387 3443 3521 3529 3769 4003 4027 4747 5387 5441 5449
1202 1858 2806 3122 3446 3602 3606 3778 4246 4258 4774 5414 5522 5574 6178 6214
1203 1843 1921 1929 2801 3147 3449 3787 3841 3849 4721 4963 4987 5369 5603 5627
1204 1852 2804 3148 3452 3796 4084 4092 4108 4116 4748 5396 5684 5692 5708 5716
1205 1861 2807 3149 3455 3805 4327 4335 4775 5423 5765 5789 6295 6303 6421 6445
1207 1423 1847 2063 2829 2901 3103 3461 3743 4189 4749 4821 5287 5381 5927 6109
1208 1856 2144 2152 2832 3104 3464 3752 4776 5064 5088 5408 6008 6016 6352 6376
1209 1443 1841 2083 2827 2881 3129 3467 3761 4169 4723 4801 5307 5363 5947 6089
1210 1850 2830 3130 3470 3610 3630 3770 4250 4270 4750 5390 5530 5550 6170 6190
1211 1859 2833 3131 3473 3779 4331 4339 4777 5417 5793 5817 6251 6259 6433 6457
1212 1844 2164 2172 2828 3156 3476 3788 4724 5044 5068 5372 6028 6036 6332 6356
1213 1853 2831 3157 3479 3797 4351 4359 4751 5399 5773 5797 6271 6279 6413 6437
1214 1862 2834 3158 3482 3806 4778 5426 6494 6502 6514 6518 6522 6526 6538 6546
1312 2624 3936 5248
1313 1321 1393 2041 2627 2651 2867 3939 3963 4179 4811 5249 5257 5329 5977 6123
1316 1636 1684 2652 3948 4892 4908 5204
1319 1879 2653 3871 3957 4973 5231 5637
1322 2122 2654 3966 5054 5258 6058 6366
1328 1344 2608 2656 3904 3952 5216 5232
1331 1347 1409 2073 2609 2657 2851 3913 3961 4147 4843 5243 5259 5297 5961 6139
1336 2632 3256 3272 3288 3304 3928 5224
1337 1345 2635 2659 3337 3385 3515 3531 3931 3955 3985 4033 5225 5233 5459 5475
1339 2633 3353 3499 3937 4017 5251 5491
1340 1348 2636 2660 3580 3596 3940 3964 4228 4260 5252 5260 5540 5572 6204 6220
1343 1927 2661 3823 3949 4989 5207 5621
1346 2662 3958 4066 4114 5234 5702 5718
1349 2663 3967 4309 5261 5783 6301 6447
1355 1371 1425 2057 2617 2665 2899 3905 3953 4195 4795 5219 5235 5313 5945 6091
1356 1652 1668 2612 3908 4876 4924 5244
1357 1365 1895 1911 2615 2639 3839 3855 3911 3935 4957 5005 5245 5253 5605 5653
1358 1374 2138 2154 2618 2666 3914 3962 5038 5086 5246 5262 6026 6042 6334 6382
1360 2640 3920 5200
1361 1369 1441 2089 2643 2667 2883 3923 3947 4163 4827 5201 5209 5281 5929 6107
1363 2641 3369 3547 3929 4001 5227 5443
1364 1372 2644 2668 3612 3628 3932 3956 4244 4276 5228 5236 5524 5556 6172 6188
1366 2642 3938 4082 4098 5254 5686 5734
1367 1375 2645 2669 3941 3965 4325 4341 5255 5263 5767 5815 6269 6285 6415 6463
1370 2170 2670 3950 5070 5210 6010 6350
1373 2671 3959 4357 5237 5799 6253 6431
1376 2672 3968 5264 6496 6512 6528 6544
1394 2050 2870 4182 4838 5330 5986 6150
1397 1637 1645 1685 1693 2045 2895 4191 4839 4895 4911 4919 4935 5285 5933 6135
1400 1880 1888 2048 2896 3872 3880 4200 4840 4976 5000 5312 5640 5664 5960 6144
1402 2042 2894 4206 4814 5338 5978 6126
1403 2051 2123 2131 2897 4209 4841 5057 5081 5339 5987 6059 6067 6153 6369 6393
1412 2076 2852 4156 4844 5324 5988 6148
1417 2065 2875 3257 3265 3275 3291 3299 3305 3313 3315 4171 4819 5305 5953 6115
1418 2074 2878 3338 3386 3518 3534 3994 4042 4174 4846 5306 5486 5502 5962 6142
1420 2068 2876 3356 3380 3500 3508 4020 4044 4180 4820 5332 5492 5500 5980 6124
1421 2077 2879 3581 3599 4183 4237 4263 4847 5333 5567 5573 5989 6151 6229 6231
1424 1928 1936 2072 2904 3824 3832 4192 4848 4992 5016 5288 5624 5648 5936 6136
1426 2066 2902 3346 3394 3542 3558 3986 4034 4198 4822 5314 5462 5478 5954 6118
1427 2075 2905 4067 4075 4115 4123 4201 4849 5315 5705 5721 5729 5745 5963 6145
1428 1436 2060 2100 2860 2900 4148 4204 4796 4852 5300 5340 5964 5972 6100 6140
1429 2069 2903 3589 3623 4207 4229 4287 4823 5341 5543 5581 5981 6127 6207 6221
1430 2078 2906 4210 4310 4318 4850 5342 5786 5810 5990 6154 6302 6310 6450 6474
1437 1655 1671 1679 1695 2085 2855 4151 4799 4877 4885 4925 4933 5325 5973 6095
1438 1898 1914 2094 2858 3866 3882 4154 4826 4958 5006 5326 5614 5662 5982 6122
1439 2103 2141 2157 2861 4157 4853 5039 5087 5327 5991 6053 6069 6149 6343 6391
1442 2098 2886 4166 4854 5282 5938 6134
1444 2092 2884 3372 3396 3548 3556 4004 4028 4172 4828 5308 5444 5452 5956 6116
1445 2101 2887 3615 3629 4175 4247 4285 4855 5309 5525 5583 5965 6143 6181 6215
1446 1922 1938 2086 2882 3842 3858 4178 4802 4966 5014 5334 5606 5654 5974 6098
1447 2095 2885 4085 4101 4109 4125 4181 4829 5335 5687 5695 5735 5743 5983 6125
1448 2104 2888 4184 4328 4344 4856 5336 5768 5816 5992 6152 6296 6312 6424 6472
1450 2090 2910 4190 4830 5290 5930 6110
1451 2099 2171 2179 2913 4193 4857 5073 5097 5291 5939 6011 6019 6137 6353 6377
1452 2084 2908 4196 4804 5316 5948 6092
1453 2093 2911 3637 3639 4199 4271 4277 4831 5317 5533 5559 5957 6119 6173 6191
1454 2102 2914 4202 4358 4366 4858 5318 5802 5826 5966 6146 6254 6262 6434 6458
1455 2087 2165 2181 2909 4205 4805 5047 5095 5343 5975 6029 6045 6101 6335 6383
1456 2096 2912 4208 4352 4368 4832 5344 5776 5824 5984 6128 6272 6288 6416 6464
1457 2105 2915 4211 4859 5345 5993 6155 6497 6505 6515 6531 6539 6545 6553 6555
1640 4920
1643 1667 1883 3827 4921 4929 5001 5649
1646 1694 2126 4922 4938 5082 6014 6378
1660 3260 3300 4900
1661 1669 3341 3543 3989 4903 4927 5487
1663 1687 3381 3503 4029 4901 4909 5447
1664 1672 1688 1696 3584 3624 4232 4272 4904 4912 4928 4936 5528 5568 6176 6216
1670 4070 4930 5730
1673 1697 4313 4931 4939 5811 6257 6459
1680 4880
1681 1689 1923 3867 4883 4907 4961 5609
1682 1698 2166 4886 4934 5042 6054 6338
1690 4110 4910 5690
1691 1699 4353 4913 4937 5771 6297 6419
1700 4940 6500 6540
1886 3854 5002 5658
1889 2129 3881 5003 5083 5667 6041 6387
1903 3263 3287 3301 3309 3847 4981 5629
1904 1912 3344 3368 3544 3552 3848 3856 3992 4016 4984 5008 5488 5496 5632 5656
1906 3382 3506 3874 4038 4982 5474 5638
1907 1915 3587 3625 3875 3883 4235 4281 4985 5009 5555 5569 5641 5665 6203 6225
1910 3830 5010 5650
1913 3857 4073 4097 5011 5659 5731 5739
1916 3884 4316 5012 5668 5812 6284 6468
1924 1932 3868 3876 4964 4988 5612 5636
1925 1941 2167 2175 3869 3885 4967 5015 5045 5069 5615 5663 6055 6063 6341 6365
1930 3390 3530 3850 4030 4990 5450 5630
1931 1939 3611 3633 3851 3859 4259 4273 4993 5017 5531 5577 5633 5657 6179 6217
1933 3877 4111 4119 4991 5639 5693 5717
1934 1942 3878 3886 4354 4362 4994 5018 5642 5666 5774 5798 6298 6306 6422 6446
1937 2153 3833 5019 5091 5651 6017 6379
1940 3860 4340 5020 5660 5820 6260 6460
1943 3887 5021 5669 6503 6527 6541 6549
2132 5084 6068 6396
2146 3266 3302 3314 3318 5062 6034 6358
2147 2155 3347 3395 3545 3561 3995 4043 5065 5089 5489 5505 6035 6043 6361 6385
2149 3383 3509 4047 5063 5501 6061 6367
2150 2158 3590 3626 4238 4290 5066 5090 5570 5582 6062 6070 6230 6234 6370 6394
2156 4076 4124 5092 5732 5748 6044 6388
2159 4319 5093 5813 6071 6311 6397 6477
2168 2184 5048 5096 6056 6072 6344 6392
2173 3399 3557 4031 5071 5453 6037 6359
2174 2182 3638 3642 4274 4286 5074 5098 5534 5586 6038 6046 6182 6218 6362 6386
2176 4112 4128 5072 5696 5744 6064 6368
2177 2185 4355 4371 5075 5099 5777 5825 6065 6073 6299 6315 6371 6395 6425 6473
2180 5100 6020 6380
2183 4367 5101 5829 6047 6263 6389 6461
2186 5102 6074 6398 6506 6542 6554 6558
3280
3281 3283 3289 3307 3361 3523 4009 5467
3284 3292 3308 3316 3604 4252 5548 6196
3290 3310 4090 5710
3293 3311 3317 3319 4333 5791 6277 6439
3320 6520
3362 3526 4018 5494
3364 3388 3524 3532 4012 4036 5468 5476
3365 3389 3527 3535 3605 3607 4021 4045 4255 4261 5495 5503 5549 5575 6205 6223
3370 3550 4010 5470
3371 3553 4019 4091 4099 5497 5713 5737
3373 3397 3551 3559 3613 3631 4013 4037 4253 4279 5471 5479 5551 5557 6197 6199
3374 3398 3554 3562 4022 4046 4334 4342 5498 5506 5794 5818 6278 6286 6442 6466
3391 3533 4039 4093 4117 5477 5711 5719
3392 3536 4048 4336 5504 5792 6304 6448
3400 3560 4040 4360 5480 5800 6280 6440
3401 3563 4049 5507 6521 6523 6529 6547
3608 4264 5576 6232
3614 3634 4094 4102 4118 4126 4262 4282 5558 5578 5714 5722 5738 5746 6206 6226
3616 3632 4256 4288 5552 5584 6208 6224
3617 3635 4265 4291 4337 4345 5579 5585 5795 5819 6233 6235 6305 6313 6451 6475
3640 4280 5560 6200
3641 3643 4283 4289 4361 4369 5561 5587 5803 5827 6209 6227 6281 6289 6443 6467
3644 4292 5588 6236 6524 6532 6548 6556
4100 5740
4103 4127 4343 5741 5749 5821 6287 6469
4120 5720
4121 4129 4363 5723 5747 5801 6307 6449
4130 5750 6530 6550
4346 5822 6314 6478
4364 4372 5804 5828 6308 6316 6452 6476
4370 5830 6290 6470
4373 5831 6317 6479 6533 6551 6557 6559
6560